hour,latitude,longitude
01,40.648265282,-73.955752145
00,40.837321839,-73.9101166
12,40.624236771999996,-74.080755533
08,40.832111106,-73.948294253
08,40.832111106,-73.948294253
12,40.646328278,-73.929804249
20,40.83987167,-73.888139806
18,40.806617895,-73.936765755
15,40.65758692,-73.92905355
02,40.753874924,-73.98482044
18,40.809413199,-73.944367164
19,40.841690923,-73.837040057
20,40.820986429,-73.892228964
18,40.679066318000004,-73.915067287
20,40.845984791,-73.907462791
12,40.669758105999996,-73.802651938
00,40.703807407,-73.952858808
01,40.799086317,-73.947619211
15,40.638689107,-73.916812154
00,40.689141332,-73.820854715
21,40.626986011,-73.91401678300001
20,40.837683801,-73.913256606
10,40.667862819,-73.905388469
02,40.69119702,-73.835460637
00,40.667533426999995,-73.86424849
23,40.849776217,-73.937527165
14,40.823423869,-73.90158306100001
20,40.790325046999996,-73.941710718
21,40.621066254,-74.084955452
12,40.874180976,-73.833872447
12,40.743417441999995,-73.87846775199999
23,40.824798920999996,-73.90817515100001
20,40.678435246,-73.927430623
18,40.668529332,-73.848497285
12,40.823876276,-73.891862968
05,40.759150161,-73.960843907
09,40.66357893,-73.896646458
13,40.753532701,-73.994536892
14,40.837129445,-73.867194698
21,40.829952373000005,-73.930051383
13,40.819320486,-73.915383261
22,40.821455961999995,-73.86620348699999
20,40.669372829000004,-73.920393103
23,40.846278812,-73.89205787
02,40.697233391,-73.78431906
04,40.678469299999996,-73.782447304
19,40.852381909,-73.91351577100001
21,40.82294535,-73.95198314
01,40.812699136999996,-73.92161973600001
16,40.822262072,-73.940537398
23,40.841944334000004,-73.914248556
00,40.693415665,-73.848069308
19,40.842803108000005,-73.897076401
21,40.903468077,-73.844630036
16,40.838778865,-73.86470137399999
07,40.606351698000005,-73.94199018399999
21,40.798285226,-73.96267373100001
17,40.67278405,-73.866472894
00,40.68773221,-73.937491478
23,40.810524424,-73.938214246
12,40.840783858,-73.936252607
18,40.568827644,-74.121181494
04,40.876743654,-73.90622669
19,40.842803108000005,-73.897076401
09,40.650957959,-73.955865681
17,40.720450333,-73.97491448
09,40.638667594,-74.02246340399999
23,40.708227855,-73.912862387
07,40.693140904,-73.945859731
18,40.732876229,-73.860333942
00,40.657743089,-73.909136741
09,40.672585871,-73.873261458
00,40.662518015,-73.927011804
17,40.641068098000005,-73.962469806
14,40.820663494,-73.956385411
04,40.693702669000004,-73.780915483
13,40.819718656999996,-73.942389497
15,40.671168243000004,-73.909688025
20,40.855961786,-73.839795807
11,40.830798914,-73.82694879600001
22,40.686395734,-73.949095931
23,40.672674098,-73.86168930699999
23,40.726529377,-73.734864538
22,40.675309538,-73.788052771
19,40.653674996,-73.96278707
22,40.673324484,-73.91539184
01,40.719840334000004,-73.962400198
04,40.663341242,-73.96017925
03,40.663133396999996,-73.96243216100001
01,40.640366106,-73.890520884
21,40.70284629,-73.812428901
18,40.832941761,-73.935432593
04,40.675646399,-73.927184904
04,40.675646399,-73.927184904
19,40.628089722,-73.946103435
22,40.674986972,-73.945849231
12,40.615912856,-73.920737805
21,40.710739715,-73.803872427
12,40.639163716,-73.994427347
03,40.673341037,-73.932083027
02,40.69726035,-73.977462042
02,40.643506043,-73.902615955
01,40.629597831,-73.942942693
01,40.595792272,-73.984064191
23,40.819778814,-73.936720733
18,40.689567810999996,-73.832478977
16,40.84711223,-73.91747681
21,40.836266064,-73.911328663
20,40.67459999,-73.930574822
22,40.659114761,-73.923216654
04,40.819596981,-73.91818654800001
01,40.689819066999995,-73.831612927
01,40.640790702,-73.932141379
13,40.67941151,-73.858592765
13,40.67941151,-73.858592765
00,40.690654842,-73.90804256199999
13,40.818407371,-73.887507503
00,40.674993193,-73.915234704
21,,
01,40.869301715,-73.889511247
23,40.805182009,-73.9186305
09,40.660436625,-73.939773355
01,40.674063439,-73.912535702
20,40.668403866999995,-73.869286157
19,40.623960368,-73.938282477
01,40.64173826,-74.075678037
22,40.649091471999995,-73.95577682300001
12,40.750294976,-73.822805246
02,40.836843178,-73.850809958
23,40.65381516,-73.853205037
17,40.842328579000004,-73.885739479
01,40.68469984,-73.92474482600001
19,40.736984449,-73.809998125
07,40.738838819,-73.926700862
01,40.681803475,-73.923789039
23,40.764463103000004,-73.831774379
04,40.67013835,-73.90892519399999
04,40.67013835,-73.90892519399999
21,40.692389705,-73.793764553
05,40.845984791,-73.907462791
05,40.845984791,-73.907462791
02,40.870142434,-73.86930540899999
01,40.831578538,-73.927697229
19,40.618091468,-74.02785231600001
06,40.839739531,-73.913178032
00,40.695140908,-73.975125947
01,40.689111202,-73.945058895
23,40.819856355,-73.920140835
20,40.67500776,-74.006577149
12,40.672789843000004,-73.773651622
04,40.764694063,-73.914348014
02,40.651998977,-73.94486962100001
02,40.815720251,-73.864502585
00,40.682140409,-73.826891092
00,40.680536156,-73.957086365
02,40.88443116,-73.833004197
02,40.801063787,-73.950481913
14,40.682807656,-73.767816313
02,40.842271968,-73.905032007
00,40.676152237,-73.89306867399999
17,40.691103256999995,-73.91287755399999
16,40.814000554,-73.900780541
19,40.620759553,-74.01054859899999
02,40.670869804,-73.86317105
22,40.675727746,-73.921495901
21,40.66357893,-73.896646458
21,40.850660186999995,-73.908920209
08,40.669788059,-73.958293685
00,40.709186497,-73.81915607100001
23,40.81725838,-73.94040458100001
22,40.671025464,-73.906195082
16,40.872596004,-73.825563635
16,40.827871665,-73.864958422
18,40.860655553,-73.895006204
14,40.680494853,-73.86709561100001
03,40.825100443000004,-73.89485635
23,40.847277155,-73.910442906
22,40.666231521,-73.922538001
18,40.69969571,-73.98169156899999
18,40.786006915,-73.845738305
17,40.680096471999995,-73.912556632
06,40.886052491,-73.8614443
19,40.745435545999996,-73.864353209
02,40.671411663,-73.88151172399999
23,40.820261474,-73.897877215
22,40.816805565,-73.90726130600001
21,40.846741539,-73.906482233
21,40.684998930999996,-73.93844593
21,40.693065804,-73.999543473
04,40.670206898,-73.923942878
00,40.679670066,-73.936136211
05,40.708909009,-73.965804097
01,40.722273155,-73.976342426
22,40.696493892,-73.949430815
17,40.637804468,-73.942377197
01,40.670667775,-73.93233809
21,40.854120099,-73.888809888
10,40.638614237,-73.948267625
01,40.852841995,-73.88417431
06,40.685650525999996,-73.98048752300001
05,40.887313634,-73.847271758
21,40.829363293,-73.919045385
04,40.605163421,-73.75484779899999
22,40.734983188,-73.988054214
07,40.638335307,-74.164483967
19,40.684069625,-73.75818135
17,40.859639663,-73.86323458
03,40.676064661,-74.00240969
05,40.81493989,-73.886592131
23,40.655621161999996,-73.919937382
19,40.642043072,-73.94960900699999
01,40.844350414000004,-73.815105671
10,40.5580167,-74.130417978
05,40.654952417,-73.958000222
22,40.637223031,-73.91262722399999
22,40.841694933,-73.911108193
19,40.868587481,-73.88331168100001
05,40.818413984,-73.907277131
20,40.857082061999996,-73.901352508
02,40.671411663,-73.88151172399999
00,40.689491039,-73.908018925
23,40.817755155,-73.91801901
21,40.696979876,-73.792740591
10,40.836678228000004,-73.915596087
10,40.578510134,-73.934900975
10,40.663996333,-73.893848712
04,40.861063085,-73.893447414
22,40.820411063,-73.893331855
11,40.699837274000004,-73.913089739
15,40.872845399,-73.898794425
06,40.835577916999995,-73.908803531
15,40.689097532,-73.925616087
22,40.686082215,-73.919233753
01,40.869588539,-73.900050398
06,40.847688805,-73.934930327
22,40.816366145,-73.86762631100001
02,40.801392385999996,-73.93271089
05,40.703499897,-73.76749538600001
01,40.740824511,-73.97426085800001
00,40.833450977,-73.943407506
22,40.727606514,-73.97781979
02,40.636818966999996,-74.118653127
22,40.665114175999996,-73.89167337800001
01,40.783898154,-73.950285241
00,40.816068266,-73.908552085
03,40.739095849,-73.896774703
22,40.857418359,-73.893706303
09,40.661821983,-73.996479956
02,40.811112268,-73.906344446
05,40.658196944000004,-73.958538808
23,40.574825477,-73.99092661
14,40.725980641,-73.99080140699999
16,40.796341237,-73.94119981600001
18,40.633486765,-74.163427185
18,40.633486765,-74.163427185
17,40.67432526,-73.888388621
07,40.812190348,-73.924206908
01,40.673567651999996,-73.807384888
15,40.823180031999996,-73.866536043
20,40.802620306,-73.951087574
19,40.766406832,-73.968377423
14,40.631766311999996,-73.887299705
22,40.880398548,-73.863853651
20,40.64480152,-74.005269715
12,40.586104414,-74.162630773
20,40.692830900000004,-73.758149574
23,40.671657216999996,-73.958198788
02,40.590091840999996,-74.094684252
21,40.851111636,-73.935255912
04,40.860928316,-73.920308429
19,40.699693597,-73.766488035
14,40.768940729,-73.911443572
01,40.745222604,-73.91045017
06,40.820979933000004,-73.849642388
00,40.600205912,-74.121501323
20,40.853587401,-73.900591356
17,40.667629873,-73.896254478
16,40.810328321,-73.91476613
22,40.608883423,-74.08315718899999
15,40.636744136,-74.134282972
19,40.685077953000004,-73.927993087
21,40.637483796,-74.00749944
18,40.65149337,-73.924533616
17,40.642006611999996,-73.9017029
03,40.817503461,-73.941975939
21,40.662692805,-73.88830716
08,40.608391809000004,-74.14661153
08,40.608391809000004,-74.14661153
08,40.608391809000004,-74.14661153
02,40.853064489,-73.868944957
21,40.750331537,-73.792130675
19,40.827668623,-73.925435892
16,40.706860328000005,-73.948196631
23,40.803393591,-73.93814501199999
10,40.596213981999995,-73.764700204
16,40.811393119,-73.922314872
19,40.644590276,-74.001900465
09,40.684792115,-73.878556569
20,40.857922634,-73.892895732
22,40.676231908000005,-74.006944997
21,40.576124128000004,-73.99982505
15,40.661079525,-73.894822924
00,40.606404745999995,-74.120479003
14,40.548991392,-74.230271459
14,40.66475956,-73.894042144
13,40.679907551999996,-73.920784329
09,40.68190669,-73.89458817
07,40.676487297,-73.837065184
03,40.683276253,-73.930623478
23,40.66156215,-73.925945955
08,40.674601815,-73.938614149
11,40.873601668,-73.84560379199999
04,40.883927913,-73.90132352399999
22,40.687140512,-73.856146091
